+------+---------+--------------------+--------------------+--------------------+--------------------+--------------------+--------------------+--------------------+--------------------+--------------------+
| time |   type  |         1          |         2          |         3          |         4          |         5          |         6          |         7          |         8          |         9          |
+------+---------+--------------------+--------------------+--------------------+--------------------+--------------------+--------------------+--------------------+--------------------+--------------------+
| 6am  | density |        104         |        214         |         80         |        154         |         66         |        189         |        149         |        141         |        311         |
| 6am  |  speed  | 13.53400858497875  | 19.342568253885524 | 18.224674385825164 | 26.98934291319237  | 20.070431748849288 | 13.544967410875477 |  20.6474926249606  | 17.54651305716025  | 24.58985578701048  |
| 7am  | density |        258         |        552         |        199         |        418         |        172         |        493         |        287         |        326         |        562         |
| 7am  |  speed  | 14.22083418720214  | 19.340234183669992 | 18.355383368461105 | 25.89494954910731  | 19.500527407466098 | 12.51108838106724  | 17.73380457727832  | 17.691194678954993 | 23.234312423670893 |
| 8am  | density |        146         |        296         |         87         |        191         |         86         |        305         |        180         |        141         |        339         |
| 8am  |  speed  | 14.539205571066327 |  18.8744653964053  | 18.395484354882495 | 27.364993923521148 | 19.279187684062716 | 12.934019201739687 | 19.02139141122795  | 16.781946536289524 | 24.36131503627432  |
| 9am  | density |        159         |        222         |         74         |        157         |         85         |        218         |        160         |        142         |        289         |
| 9am  |  speed  | 14.417833881866413 | 18.662074998984597 | 17.953038098975316 | 25.83170524537683  | 19.377539717587602 | 13.288324060264717 | 19.284446919815593 | 17.11457257389911  | 24.50022154413275  |
| 10am | density |        102         |        159         |         55         |         97         |         36         |        169         |        113         |         87         |        194         |
| 10am |  speed  | 15.303863638428837 | 20.58531273520526  | 18.630303081999347 | 24.540741575041075 | 19.310200248801486 | 13.590798304592917 | 19.689882673730768 | 16.546071091027834 | 25.261172545896265 |
| 11am | density |         63         |        114         |         23         |         71         |         39         |        127         |         88         |         65         |        143         |
| 11am |  speed  | 17.43163374447992  | 19.739115641591695 | 18.24555271632613  | 22.762822694867335 | 17.802868416050803 | 13.294906476524728 | 17.839640795653715 | 17.310644701726936 | 25.170836795720508 |
| 12am | density |        148         |        268         |         77         |        170         |         79         |        357         |        211         |        165         |        357         |
| 12am |  speed  | 16.018991945076397 | 21.310134284855362 | 18.045141743008386 | 25.50548633787514  | 18.246687651050618 | 13.060956028566913 | 16.32378331439003  | 17.084833819661437 |  24.6581169137825  |
| 1pm  | density |        114         |        255         |         72         |        172         |         56         |        210         |        212         |        128         |        315         |
| 1pm  |  speed  | 15.953637766447036 | 19.486466074140907 | 17.993654516047442 | 26.31254744080961  | 18.773274052157003 | 13.036312487356966 |  17.4700439990661  | 17.25440151657092  | 24.51590229700026  |
| 2pm  | density |         82         |        140         |         61         |         99         |         36         |        185         |        122         |         89         |        248         |
| 2pm  |  speed  | 15.270535494632803 | 18.792443870163478 | 18.688104551345507 | 25.272263603096643 | 20.776361811555542 | 12.869395787368948 | 19.56847591685076  | 16.694080804076464 | 25.21120877660387  |
| 3pm  | density |         13         |         32         |         10         |         17         |         8          |         42         |         17         |         17         |         33         |
| 3pm  |  speed  | 17.30071583194803  | 20.433812550153004 | 18.246881572419703 | 20.65597030264488  | 21.13447173425194  | 13.71920593453144  | 18.79137005961073  | 17.420866406644144 | 23.34360903611542  |
| 4pm  | density |        100         |        176         |         53         |        126         |         39         |        201         |        146         |         86         |        227         |
| 4pm  |  speed  | 15.223328360632715 |  19.6685039557986  | 18.17736129302105  | 25.67319329853528  | 18.36011310303001  | 12.892839342519611 | 16.604935382429748 | 16.48172167584441  | 24.588730404798458 |
| 5pm  | density |        183         |        367         |        104         |        269         |         79         |        359         |        303         |        174         |        418         |
| 5pm  |  speed  | 15.58915022821033  | 20.423499935921924 | 18.651851862026497 | 26.66384922089107  | 18.249304460279433 | 12.703990920919775 | 17.47149109108571  | 17.70485742768269  |  24.3594044492816  |
| 6pm  | density |        193         |        461         |        119         |        355         |        104         |        485         |        340         |        215         |        478         |
| 6pm  |  speed  | 15.081880181667845 | 20.17980386728436  | 18.38453610721519  | 26.501479539896707 | 18.355450737348537 | 12.448332778714766 | 17.48279340480678  | 17.485334693293737 | 24.430041523509132 |
| 7pm  | density |         53         |        135         |         29         |         92         |         22         |        177         |         80         |         70         |        107         |
| 7pm  |  speed  | 16.89923886865683  | 23.212490274716785 | 18.38763452796535  | 25.34004764394107  | 17.425281949714165 | 11.56647635113031  | 15.577185312751258 |  17.0216942757709  | 23.659602912256485 |
| 8pm  | density |         85         |        193         |         47         |        164         |         57         |        257         |        126         |        127         |        179         |
| 8pm  |  speed  | 15.97354021962931  | 21.298202730003577 | 17.936229669938076 | 26.07884741912947  | 19.081598038842458 | 13.232087245754201 | 18.246716534508487 | 17.705793235163323 | 23.340817963460992 |
| 9pm  | density |         68         |        189         |         47         |        137         |         37         |        211         |        131         |        122         |        177         |
| 9pm  |  speed  | 16.077786117711046 | 22.97049640065959  | 18.21152766767289  | 28.465895297991715 | 18.348918750765815 | 13.303450505854038 | 16.105859450001677 | 18.369194104526944 | 23.61125233319391  |
| 10pm | density |         70         |        170         |         49         |        135         |         34         |        253         |        126         |        105         |        177         |
| 10pm |  speed  | 16.795399078836656 | 23.779979579139134 | 17.887288336457658 | 25.470905696953263 | 19.709918234824254 | 13.324881957813025 | 16.468694734941998 | 17.692847825799078 |  24.1552855542264  |
| 11pm | density |         26         |         69         |         28         |         52         |         15         |         94         |         45         |         54         |         68         |
| 11pm |  speed  | 16.52340725262582  | 22.493857436760187 |  18.2582711847668  | 28.710081779324813 | 19.18594275529463  | 13.263196610699794 | 16.98908234099442  | 18.009796439687783 | 24.278434947815754 |
+------+---------+--------------------+--------------------+--------------------+--------------------+--------------------+--------------------+--------------------+--------------------+--------------------+

selected_scenario:
No      Location        Time        Density         Speed
1           6            6pm          485           12.448
2           6           11pm          94            13.2631
3           4            6pm          355           26.5014
4           4           11pm          52            28.7100
5           3            6pm          119           18.3845
6           3           11pm          28            18.2582